44.5,44.0,-0.5
45.1,44.5,-0.6000000000000014
45.1,45.1,0.0
45.1,45.1,0.0
45.1,45.6,0.5
45.1,46.2,1.1000000000000014
46.2,45.6,-0.6000000000000014
45.6,46.2,0.6000000000000014
46.2,46.2,0.0
46.7,46.2,-0.5
46.7,46.2,-0.5
46.2,46.7,0.5
47.2,46.2,-1.0
46.2,47.2,1.0
47.2,47.2,0.0
46.7,47.2,0.5
47.2,47.2,0.0
47.2,47.2,0.0
47.2,47.2,0.0
47.2,47.2,0.0
47.8,47.2,-0.5999999999999943
47.8,47.8,0.0
48.3,47.8,-0.5
47.8,47.8,0.0
47.8,47.8,0.0
48.3,47.8,-0.5
47.8,47.8,0.0
48.3,48.3,0.0
47.8,48.3,0.5
48.3,48.3,0.0
48.3,48.3,0.0
48.3,48.3,0.0
48.3,48.9,0.6000000000000014
48.3,48.3,0.0
48.3,49.4,1.1000000000000014
48.3,48.9,0.6000000000000014
48.3,48.9,0.6000000000000014
49.4,49.4,0.0
49.4,49.4,0.0
49.4,49.4,0.0
49.4,49.4,0.0
49.4,49.4,0.0
49.4,49.4,0.0
49.4,49.4,0.0
49.4,49.9,0.5
49.4,49.4,0.0
49.9,49.9,0.0
49.4,49.9,0.5
49.9,49.4,-0.5
49.9,49.9,0.0
49.9,49.9,0.0
49.4,49.9,0.5
49.9,49.4,-0.5
49.4,49.9,0.5
50.5,49.9,-0.6000000000000014
50.5,49.4,-1.1000000000000014
49.4,49.4,0.0
49.4,49.9,0.5
49.9,49.9,0.0
49.4,49.4,0.0
49.9,49.4,-0.5
49.9,49.4,-0.5
49.4,49.9,0.5
49.9,49.9,0.0
49.4,49.9,0.5
50.5,49.4,-1.1000000000000014
50.5,49.9,-0.6000000000000014
49.9,50.5,0.6000000000000014
49.9,49.9,0.0
49.9,49.9,0.0
49.9,49.9,0.0
50.5,50.5,0.0
50.5,50.5,0.0
50.5,50.5,0.0
50.5,50.5,0.0
50.5,49.9,-0.6000000000000014
49.9,50.5,0.6000000000000014
50.5,50.5,0.0
50.5,50.5,0.0
50.5,50.5,0.0
50.5,50.5,0.0
50.5,50.5,0.0
50.5,50.5,0.0
50.5,51.0,0.5
50.5,50.5,0.0
50.5,50.5,0.0
50.5,50.5,0.0
50.5,51.0,0.5
50.5,50.5,0.0
49.9,51.0,1.1000000000000014
51.0,50.5,-0.5
51.0,50.5,-0.5
51.0,51.0,0.0
50.5,50.5,0.0
51.0,50.5,-0.5
51.5,51.0,-0.5
51.5,50.5,-1.0
51.5,51.0,-0.5
51.0,51.0,0.0
50.5,51.5,1.0
51.0,51.5,0.5
51.0,50.5,-0.5
51.0,50.5,-0.5
51.5,50.5,-1.0
51.5,51.5,0.0
50.5,51.5,1.0
51.5,51.5,0.0
51.5,51.5,0.0
51.0,51.5,0.5
51.5,51.5,0.0
51.5,51.5,0.0
51.0,51.5,0.5
51.5,51.0,-0.5
51.5,51.5,0.0
51.5,51.5,0.0
51.5,51.5,0.0
51.5,51.5,0.0
52.1,51.5,-0.6000000000000014
52.1,51.5,-0.6000000000000014
51.0,51.5,0.5
51.5,52.1,0.6000000000000014
51.5,51.5,0.0
51.5,51.5,0.0
51.5,51.5,0.0
51.5,51.5,0.0
52.1,51.5,-0.6000000000000014
51.5,51.5,0.0
52.1,51.5,-0.6000000000000014
51.5,52.1,0.6000000000000014
51.5,51.5,0.0
51.5,51.5,0.0
51.5,51.5,0.0
51.5,51.5,0.0
52.1,51.5,-0.6000000000000014
51.5,51.5,0.0
51.5,52.1,0.6000000000000014
51.5,51.5,0.0
51.5,51.5,0.0
51.5,51.5,0.0
52.1,51.5,-0.6000000000000014
52.1,51.5,-0.6000000000000014
52.1,51.5,-0.6000000000000014
51.5,52.1,0.6000000000000014
51.5,51.5,0.0
51.5,52.1,0.6000000000000014
51.5,51.5,0.0
51.5,52.1,0.6000000000000014
52.1,51.5,-0.6000000000000014
52.1,52.1,0.0
52.1,51.5,-0.6000000000000014
52.1,52.1,0.0
52.1,52.1,0.0
52.6,52.1,-0.5
51.5,52.1,0.6000000000000014
52.1,51.5,-0.6000000000000014
51.5,52.1,0.6000000000000014
52.1,52.1,0.0
52.6,52.1,-0.5
52.1,52.1,0.0
52.1,52.1,0.0
52.1,51.5,-0.6000000000000014
52.1,52.1,0.0
52.1,52.1,0.0
52.1,52.1,0.0
51.5,52.1,0.6000000000000014
51.5,51.5,0.0
52.1,52.1,0.0
52.1,52.6,0.5
52.1,52.1,0.0
51.5,52.1,0.6000000000000014
52.1,51.5,-0.6000000000000014
52.1,52.1,0.0
52.1,52.1,0.0
52.1,52.1,0.0
51.5,52.1,0.6000000000000014
52.1,52.1,0.0
52.6,52.6,0.0
52.6,52.1,-0.5
52.6,52.1,-0.5
52.6,52.1,-0.5
52.1,51.5,-0.6000000000000014
52.1,52.6,0.5
52.1,52.1,0.0
52.1,52.1,0.0
52.6,52.6,0.0
52.6,52.6,0.0
52.1,52.6,0.5
52.1,52.1,0.0
52.6,52.1,-0.5
52.1,52.6,0.5
52.6,52.6,0.0
52.1,52.1,0.0
52.6,52.6,0.0
52.6,52.6,0.0
52.6,52.1,-0.5
52.1,52.6,0.5
52.6,52.1,-0.5
52.1,52.6,0.5
52.6,52.6,0.0
52.6,52.1,-0.5
This generated 200 trial runs